
Series: LNU01300003
Total monthly observations in file: 870
Showing last 18 months

Year  Month           Value  Footnote      MoM change
-------------------------------------------------------
2025  01               61.9  -                       
2025  02               62.0  -                   +0.1
2025  03               62.2  -                   +0.2
2025  04               62.1  -                   -0.1
2025  05               61.9  -                   -0.2
2025  06               62.2  -                   +0.3
2025  07               62.4  -                   +0.2
2025  08               61.9  -                   -0.5
2025  09               61.9  -                   +0.0
2025  10                  -  9                       
2025  11               61.7  -                   -0.2
2025  12               61.6  -                   -0.1
2026  01               60.9  12                  -0.7
2026  02               61.2  -                   +0.3
2026  03               61.2  -                   +0.0
2026  04               61.0  -                   -0.2
2026  05               61.1  -                   +0.1
2026  06               61.0  -                   -0.1


Series: LNU01300063
Total monthly observations in file: 870
Showing last 18 months

Year  Month           Value  Footnote      MoM change
-------------------------------------------------------
2025  01               83.9  -                       
2025  02               84.0  -                   +0.1
2025  03               84.1  -                   +0.1
2025  04               84.2  -                   +0.1
2025  05               84.0  -                   -0.2
2025  06               84.0  -                   +0.0
2025  07               83.9  -                   -0.1
2025  08               84.2  -                   +0.3
2025  09               84.5  -                   +0.3
2025  10                  -  9                       
2025  11               84.6  -                   +0.1
2025  12               84.3  -                   -0.3
2026  01               84.5  12                  +0.2
2026  02               84.6  -                   +0.1
2026  03               84.8  -                   +0.2
2026  04               84.6  -                   -0.2
2026  05               84.6  -                   +0.0
2026  06               83.6  -                   -1.0


Series: LNU01300121
Total monthly observations in file: 870
Showing last 18 months

Year  Month           Value  Footnote      MoM change
-------------------------------------------------------
2025  01               18.9  -                       
2025  02               18.9  -                   +0.0
2025  03               18.9  -                   +0.0
2025  04               18.9  -                   +0.0
2025  05               18.7  -                   -0.2
2025  06               18.6  -                   -0.1
2025  07               18.7  -                   +0.1
2025  08               18.9  -                   +0.2
2025  09               19.0  -                   +0.1
2025  10                  -  9                       
2025  11               18.8  -                   -0.2
2025  12               18.6  -                   -0.2
2026  01               18.3  12                  -0.3
2026  02               18.7  -                   +0.4
2026  03               18.2  -                   -0.5
2026  04               18.0  -                   -0.2
2026  05               18.1  -                   +0.1
2026  06               18.1  -                   +0.0


Series: LNU00000003
Total monthly observations in file: 870
Showing last 18 months

Year  Month           Value  Footnote      MoM change
-------------------------------------------------------
2025  01            207,088  -                       
2025  02            207,147  -                    +59
2025  03            207,221  -                    +74
2025  04            207,291  -                    +70
2025  05            207,377  -                    +86
2025  06            207,472  -                    +95
2025  07            207,569  -                    +97
2025  08            207,675  -                   +106
2025  09            207,788  -                   +113
2025  10                  -  9                       
2025  11            207,980  -                   +192
2025  12            208,058  -                    +78
2026  01            202,423  12                -5,635
2026  02            202,426  -                     +3
2026  03            202,436  -                    +10
2026  04            202,448  -                    +12
2026  05            202,468  -                    +20
2026  06            202,497  -                    +29


Series: LNU00000063
Total monthly observations in file: 870
Showing last 18 months

Year  Month           Value  Footnote      MoM change
-------------------------------------------------------
2025  01             96,008  -                       
2025  02             96,014  -                     +6
2025  03             96,026  -                    +12
2025  04             96,036  -                    +10
2025  05             96,050  -                    +14
2025  06             96,068  -                    +18
2025  07             96,087  -                    +19
2025  08             96,085  -                     -2
2025  09             96,086  -                     +1
2025  10                  -  9                       
2025  11             96,083  -                     -3
2025  12             96,079  -                     -4
2026  01             92,095  12                -3,984
2026  02             92,092  -                     -3
2026  03             92,092  -                     +0
2026  04             92,092  -                     +0
2026  05             92,096  -                     +4
2026  06             92,104  -                     +8


Series: LNU00000121
Total monthly observations in file: 870
Showing last 18 months

Year  Month           Value  Footnote      MoM change
-------------------------------------------------------
2025  01             49,999  -                       
2025  02             50,090  -                    +91
2025  03             50,186  -                    +96
2025  04             50,281  -                    +95
2025  05             50,382  -                   +101
2025  06             50,484  -                   +102
2025  07             50,588  -                   +104
2025  08             50,730  -                   +142
2025  09             50,873  -                   +143
2025  10                  -  9                       
2025  11             51,135  -                   +262
2025  12             51,253  -                   +118
2026  01             52,031  12                  +778
2026  02             52,110  -                    +79
2026  03             52,191  -                    +81
2026  04             52,273  -                    +82
2026  05             52,364  -                    +91
2026  06             52,457  -                    +93

